1.000000000 0.000000000 0.000000000 0.000000000 0.000000000 1.000000000 0.000000000 0.000000000 0.000000000 0.000000000 1.000000000 0.000000000
0.995711923 0.008080985 0.092153564 -0.436176091 -0.008214668 0.999965608 0.001071444 -0.246610850 -0.092141733 -0.001823860 0.995744228 -4.034181118
0.980735302 0.014116374 0.194830596 -1.503340125 -0.013482437 0.999898553 -0.004579563 -0.620615304 -0.194875464 0.001864547 0.980826199 -8.031761169
0.954038739 0.017591871 0.299166232 -2.631603479 -0.016249469 0.999843657 -0.006974367 -1.063828468 -0.299242139 0.001792524 0.954175651 -11.580304146
0.914072752 0.020874772 0.405012667 -3.880134821 -0.019345174 0.999781847 -0.007869694 -1.377836943 -0.405088544 -0.000641566 0.914277196 -15.164861679
0.856622279 0.028664773 0.515147150 -5.473984718 -0.023696527 0.999587655 -0.016216692 -1.656558752 -0.515399635 0.001684377 0.856948316 -18.521802902
0.781488001 0.035669558 0.622899711 -7.377734661 -0.028013429 0.999363661 -0.022081716 -1.891820669 -0.623290956 -0.000192961 0.781989932 -21.560800552
0.688267648 0.039055064 0.724404812 -9.743346214 -0.031746726 0.999214709 -0.023707949 -2.123403788 -0.724761903 -0.006680070 0.688967049 -24.399248123
0.593711197 0.047832645 0.803255320 -12.616985321 -0.042194955 0.998709023 -0.028284008 -2.336015463 -0.803571165 -0.017100792 0.594962955 -26.931299210
0.524563611 0.048483640 0.849989653 -16.013889313 -0.044044945 0.998585641 -0.029777652 -2.534204006 -0.850231171 -0.021817476 0.525957108 -29.172397614
0.483512759 0.052677862 0.873750806 -19.940164566 -0.046532683 0.998322964 -0.034438163 -2.772580385 -0.874099612 -0.024006682 0.485153109 -31.338603973
0.448532701 0.059607856 0.891776502 -24.059341431 -0.044068631 0.998034894 -0.044545352 -2.988465786 -0.892679274 -0.019319324 0.450278133 -33.390251160
0.422855824 0.055919737 0.904469967 -28.273237228 -0.055809051 0.997806668 -0.035598639 -3.106695175 -0.904476821 -0.035424519 0.425049156 -35.273521423
0.400783598 0.048849296 0.914869666 -32.540321350 -0.059903111 0.997837961 -0.027037190 -3.205402851 -0.914212286 -0.043967482 0.402843297 -36.988700867
0.384838343 0.046045445 0.921834767 -37.375598907 -0.051684443 0.998262823 -0.028286295 -3.476403475 -0.921535790 -0.036758866 0.386549681 -38.908012390
0.373969376 0.049751427 0.926105678 -42.443290710 -0.053643346 0.998048663 -0.031954657 -3.713933468 -0.925888419 -0.037729342 0.375908434 -40.716102600
0.371047467 0.047157485 0.927415729 -47.599964142 -0.047800764 0.998355627 -0.031640157 -3.959927559 -0.927382708 -0.032591179 0.372691542 -42.604377747
0.372948706 0.047807027 0.926619470 -52.756813049 -0.045423891 0.998415053 -0.033228826 -4.205999374 -0.926739335 -0.029698018 0.374529153 -44.517238617
0.373653620 0.045763955 0.926438689 -58.027019501 -0.044509210 0.998516262 -0.031372853 -4.426308632 -0.926499784 -0.029512474 0.375136137 -46.411170959
0.376575381 0.049743786 0.925049543 -63.323127747 -0.045036804 0.998359621 -0.035352100 -4.627648354 -0.925290763 -0.028348545 0.378197819 -48.327545166
0.387805820 0.049537696 0.920408964 -68.618492126 -0.044285852 0.998402953 -0.035075996 -4.787774086 -0.920676529 -0.027158430 0.389380276 -50.262580872
0.410388350 0.047463655 0.910674751 -74.401649475 -0.040805932 0.998600066 -0.033657376 -5.038761616 -0.910997331 -0.023348333 0.411750644 -52.616432190
0.435479432 0.043505620 0.899146795 -80.490631104 -0.040697590 0.998761714 -0.028614666 -5.352832794 -0.899278283 -0.024132006 0.436710775 -55.206237793
0.452424884 0.041198719 0.890850425 -86.333198547 -0.040477186 0.998851478 -0.025636770 -5.662595749 -0.890883505 -0.024460403 0.453572780 -57.764179230
0.430171102 0.041551862 0.901790619 -91.999465942 -0.038685545 0.998870909 -0.027571306 -6.005774021 -0.901918173 -0.023025876 0.431292892 -59.741466522
0.415922344 0.042072594 0.908426344 -99.256225586 -0.039087564 0.998833120 -0.028363459 -6.306617260 -0.908559680 -0.023711175 0.417081594 -61.886917114
0.405673146 0.048239633 0.912744343 -106.491264343 -0.036958918 0.998655319 -0.036353592 -6.293370724 -0.913270712 -0.018986363 0.406910509 -64.340476990
0.397311091 0.049891230 0.916326702 -113.956336975 -0.037500814 0.998569667 -0.038109086 -6.497021198 -0.916917443 -0.019221839 0.398613691 -67.072364807
0.375418186 0.050976709 0.925452650 -121.730026245 -0.039417785 0.998461127 -0.039008055 -6.639717102 -0.926017106 -0.021834953 0.376849860 -69.694908142
0.363019019 0.050624415 0.930405498 -129.240737915 -0.041248616 0.998417139 -0.038230915 -6.817232609 -0.930868268 -0.024499385 0.364532679 -72.123031616
0.350187153 0.054331742 0.935102642 -136.943496704 -0.045015097 0.998138964 -0.041136578 -6.937391281 -0.935597479 -0.027688235 0.351981163 -74.715972900
0.335787565 0.055127509 0.940323174 -143.420928955 -0.047093093 0.998019993 -0.041693203 -7.065333843 -0.940759778 -0.030282659 0.337718815 -76.916000366
0.315545470 0.057935644 0.947140157 -150.285095215 -0.047282964 0.997854471 -0.045285180 -7.295272827 -0.947731674 -0.030494062 0.317607880 -78.925567627
0.292968720 0.053222284 0.954639614 -157.993484497 -0.049457971 0.997956395 -0.040459126 -7.656649590 -0.954842031 -0.035361283 0.295002311 -80.563903809
0.278903902 0.057593927 0.958590388 -165.950531006 -0.051019400 0.997678816 -0.045098249 -7.873675346 -0.958962798 -0.036328625 0.281194955 -82.285842896
0.271628588 0.057624053 0.960675478 -173.503768921 -0.049318813 0.997727752 -0.045901783 -8.148385048 -0.961137652 -0.034911148 0.273853332 -83.939300537
0.275714248 0.058422387 0.959462583 -179.952957153 -0.048869420 0.997712433 -0.046708178 -8.411399841 -0.959996581 -0.034010261 0.277938604 -85.968666077
0.276722342 0.055534210 0.959343910 -185.644805908 -0.049324077 0.997833729 -0.043534782 -8.536828041 -0.959683239 -0.035271719 0.278862029 -87.487075806
0.279745847 0.055665094 0.958459020 -191.196975708 -0.046432715 0.997933924 -0.044405371 -8.707943916 -0.958950639 -0.032081638 0.281752497 -88.920532227
0.284193039 0.052129913 0.957348824 -196.754394531 -0.042585094 0.998221636 -0.041713968 -8.886439323 -0.957820892 -0.028913969 0.285907596 -90.373634338
0.289586335 0.053116489 0.955676794 -202.397689819 -0.039648581 0.998267710 -0.043469485 -9.071801186 -0.956330359 -0.025303066 0.291190565 -91.927711487
0.292964876 0.050277408 0.954800367 -207.647735596 -0.038259201 0.998433113 -0.040835802 -9.278419495 -0.955357432 -0.024566436 0.294429392 -93.276580811
0.292990506 0.048104234 0.954904497 -213.332931519 -0.036339540 0.998572171 -0.039154083 -9.520380020 -0.955424428 -0.023229016 0.294320226 -94.650009155
0.286369354 0.047051299 0.956963301 -219.773529053 -0.038866404 0.998541832 -0.037464909 -9.921059608 -0.957330644 -0.026464919 0.287780493 -95.987884521
0.286251545 0.044626001 0.957114697 -225.450744629 -0.036979660 0.998685122 -0.035504457 -10.177403450 -0.957440615 -0.025230562 0.287525475 -97.454429626
0.283996731 0.040994644 0.957948506 -231.092926025 -0.036356173 0.998827517 -0.031965755 -10.483038902 -0.958135724 -0.025749175 0.285154164 -98.885894775
0.275125116 0.037621602 0.960671961 -237.407272339 -0.038419880 0.998866022 -0.028114351 -10.707992554 -0.960640430 -0.029173939 0.276258618 -100.294052124
0.265166402 0.038410671 0.963437259 -244.117874146 -0.043674994 0.998659074 -0.027794257 -11.209783554 -0.963212907 -0.034708019 0.266488463 -101.455070496
0.247070909 0.033480778 0.968418837 -251.866195679 -0.048085764 0.998595238 -0.022256024 -11.726696014 -0.967803478 -0.041068345 0.248333722 -102.347488403
0.233061224 0.031577393 0.971949160 -259.314575195 -0.047768015 0.998637795 -0.020990303 -12.235630989 -0.971288145 -0.041536056 0.234252110 -103.125061035
0.218657985 0.030417290 0.975327373 -267.115631104 -0.055377275 0.998289943 -0.018718433 -12.611334801 -0.974229097 -0.049918026 0.219968483 -104.061790466
0.198827729 0.021536637 0.979797721 -275.726501465 -0.055455010 0.998403907 -0.010692279 -13.502347946 -0.978464246 -0.052208785 0.199704647 -104.621856689
0.175411969 0.018861644 0.984314442 -284.316589355 -0.058419883 0.998254180 -0.008717914 -14.644742966 -0.982760191 -0.055974301 0.176207542 -104.757751465
0.156808555 0.015707601 0.987504244 -292.253173828 -0.062987298 0.997996986 -0.005872580 -15.030214310 -0.985618412 -0.061279334 0.157483831 -105.151245117
0.147179157 0.012947670 0.989025116 -299.955078125 -0.065461002 0.997849584 -0.003321789 -15.563463211 -0.986941338 -0.064253673 0.147710234 -105.979827881
0.140548319 0.011587933 0.990006149 -308.278625488 -0.069014825 0.997613847 -0.001879139 -16.199596405 -0.987665415 -0.068060987 0.141012758 -106.935943604
0.146458477 0.009002752 0.989175856 -316.042846680 -0.073473729 0.997295499 0.001801946 -16.989479065 -0.986484408 -0.072942331 0.146723852 -108.466339111
0.154104546 0.009436452 0.988009393 -324.129394531 -0.076852202 0.997039437 0.002464310 -17.560909271 -0.985061169 -0.076310448 0.154373541 -109.699264526
0.158775479 0.006552843 0.987292886 -332.511596680 -0.082560599 0.996563792 0.006662935 -18.610652924 -0.983856738 -0.082569391 0.158770874 -111.533355713
0.161642462 0.004699743 0.986838222 -339.595794678 -0.081799783 0.996611357 0.008652378 -19.371728897 -0.983453274 -0.082121722 0.161479115 -112.658004761
0.163831413 0.001580727 0.986487210 -346.974761963 -0.083414704 0.996439517 0.012256471 -20.144960403 -0.982955515 -0.084295511 0.163379967 -114.103179932
0.168685049 -0.001961517 0.985668004 -354.928070068 -0.086025916 0.996152818 0.016704662 -21.134326935 -0.981908798 -0.087610826 0.167867303 -115.945343018
0.177149475 -0.005870413 0.984166443 -362.453308105 -0.086190104 0.996047676 0.021455465 -22.133672714 -0.980402648 -0.088626266 0.175943375 -117.427619934
0.190584704 -0.008126863 0.981637061 -369.733947754 -0.085646860 0.996015012 0.024874220 -22.999813080 -0.977927446 -0.088814780 0.189129204 -118.706207275
0.199430212 -0.006063996 0.979893267 -375.042816162 -0.080884464 0.996466577 0.022628354 -23.526151657 -0.976568103 -0.083770901 0.198235065 -119.573989868
0.203920826 -0.011910628 0.978914917 -380.326568604 -0.082470633 0.996162832 0.029300194 -23.986408234 -0.975507498 -0.086706646 0.202156052 -120.508522034
0.202517956 -0.011476689 0.979211271 -385.940673828 -0.079992346 0.996395826 0.028221909 -24.519292831 -0.976005971 -0.084044844 0.200870007 -121.516983032
0.198755249 -0.008764433 0.980009973 -391.926422119 -0.080087282 0.996470392 0.025154095 -25.135314941 -0.976771414 -0.083485857 0.197351798 -122.589698792
0.197653785 -0.006160903 0.980252504 -397.976135254 -0.083214268 0.996265411 0.023040500 -25.794441223 -0.976733446 -0.086125039 0.196402952 -123.657791138
0.188558072 -0.002148960 0.982059717 -404.113983154 -0.088446304 0.995896637 0.019161163 -26.456581116 -0.978071094 -0.090472557 0.187594280 -124.299278259
0.178225428 -0.002824622 0.983985722 -410.102935791 -0.090899080 0.995672643 0.019322362 -27.089403152 -0.979782164 -0.092887111 0.177197441 -124.572998047
0.202986851 -0.009701975 0.979133368 -415.527069092 -0.091806740 0.995357513 0.028895440 -27.615165710 -0.974868059 -0.095756441 0.201153770 -125.127670288
0.259675294 -0.011374925 0.965628982 -420.583404541 -0.093162537 0.994971573 0.036773682 -28.234977722 -0.961191714 -0.099509634 0.257309824 -125.897384644
0.354817569 -0.015484880 0.934807360 -425.621948242 -0.095868118 0.993989885 0.052853148 -28.813598633 -0.930007398 -0.108371451 0.351200610 -126.934654236
0.477555633 -0.016629281 0.878444076 -430.377532959 -0.084272936 0.994343996 0.064637266 -29.611152649 -0.874550581 -0.104896940 0.473453134 -128.580139160
0.628033102 -0.026840396 0.777723670 -434.939147949 -0.057374943 0.995087802 0.080673799 -30.508962631 -0.776068747 -0.095287658 0.623408139 -131.185531616
0.757365525 -0.042302866 0.651619554 -438.755981445 -0.026809620 0.995043516 0.095758162 -31.540596008 -0.652440608 -0.089993596 0.752477527 -134.758102417
0.854034007 -0.044044871 0.518349290 -441.974426270 -0.005442007 0.995598435 0.093563691 -32.541316986 -0.520188749 -0.082727425 0.850035191 -138.740570068
0.921660781 -0.050719466 0.384667307 -444.328399658 0.018131301 0.995966136 0.087878473 -33.415473938 -0.387572765 -0.074019618 0.918862581 -142.803085327
0.965194702 -0.057113331 0.255220056 -446.068237305 0.036921039 0.995846689 0.083222799 -34.167045593 -0.258913189 -0.070903219 0.963294685 -146.669738770
0.987047434 -0.065404318 0.146490917 -447.140380859 0.054303419 0.995430768 0.078540221 -34.839530945 -0.150958464 -0.069567963 0.986089110 -150.239074707
0.994201422 -0.072098367 0.079783410 -447.749877930 0.065988839 0.994865596 0.076732673 -35.459262848 -0.084906071 -0.071022928 0.993854463 -153.722061157
0.996211171 -0.075785294 0.042659655 -448.166961670 0.072368659 0.994430244 0.076623462 -36.131408691 -0.048228979 -0.073245920 0.996147096 -157.321975708
0.996830285 -0.077668041 0.017236218 -448.415557861 0.076165356 0.994249582 0.075276829 -36.687793732 -0.022983707 -0.073725417 0.997013688 -160.672119141
0.996892393 -0.078655496 -0.004375227 -448.580718994 0.078765459 0.994252145 0.072516561 -37.298114777 -0.001353747 -0.072635807 0.997357607 -164.218048096
0.996460021 -0.079665810 -0.026846871 -448.703002930 0.081400745 0.994126499 0.071319051 -37.982334137 0.021007495 -0.073251933 0.997092128 -168.262069702
0.995198786 -0.080981702 -0.054966308 -448.687255859 0.084768280 0.993906021 0.070462756 -38.777584076 0.048925158 -0.074783839 0.995998919 -172.846237183
0.991176367 -0.083781548 -0.102713488 -448.190826416 0.090105370 0.994209707 0.058550168 -39.420738220 0.097213328 -0.067288578 0.992986262 -177.547454834
0.984581888 -0.093995273 -0.147523940 -447.165954590 0.102801174 0.993276596 0.053231236 -40.153697968 0.141528577 -0.067576163 0.987625003 -182.928955078
0.978746295 -0.101366259 -0.178271458 -446.022186279 0.111067943 0.992780566 0.045284215 -40.757781982 0.172394142 -0.064121999 0.982938766 -188.108749390
0.972856998 -0.110137574 -0.203516349 -444.721862793 0.120375231 0.991978109 0.038590774 -41.445854187 0.197633430 -0.062041625 0.978310704 -194.025268555
0.964309394 -0.119347498 -0.236354768 -443.205627441 0.129957944 0.991072237 0.029775795 -42.078544617 0.230690986 -0.059429258 0.971210420 -199.981842041
0.956224561 -0.123422101 -0.265332878 -441.274688721 0.134281769 0.990673602 0.023112519 -42.762561798 0.260005713 -0.057730127 0.963879704 -206.317077637
0.950088501 -0.127864882 -0.284574121 -439.344512939 0.136449784 0.990591705 0.010462919 -43.308208466 0.280558944 -0.048770778 0.958596945 -212.777923584
0.946623147 -0.131239280 -0.294416606 -437.304748535 0.138041750 0.990423560 0.002346925 -43.875049591 0.291289181 -0.042863432 0.955674291 -219.273986816
0.944162905 -0.135429427 -0.300358683 -435.266723633 0.140843436 0.990025163 -0.003660040 -44.341178894 0.297858328 -0.038847890 0.953819335 -225.525329590
0.942182124 -0.137941629 -0.305393428 -433.410827637 0.141992420 0.989826620 -0.009022959 -44.789043427 0.303531200 -0.034862284 0.952183485 -231.477233887
0.941024184 -0.140885532 -0.307611316 -431.593322754 0.146131381 0.989246786 -0.006038013 -45.403778076 0.305154204 -0.039269764 0.951492965 -237.653533936
0.939368308 -0.143867314 -0.311270654 -429.758636475 0.149092957 0.988797843 -0.007075844 -45.900043488 0.308801681 -0.039761450 0.950294971 -243.575210571
0.938061953 -0.144853577 -0.314733505 -427.779998779 0.150489703 0.988590479 -0.006457001 -46.425868988 0.312077940 -0.041307084 0.949158072 -249.785858154
0.936637282 -0.144866943 -0.318942279 -425.881469727 0.150461167 0.988589883 -0.007168897 -46.913803101 0.316341639 -0.041273769 0.947746992 -255.593017578
0.935569644 -0.146458298 -0.321340293 -424.021484375 0.152757078 0.988247514 -0.005670646 -47.386157990 0.318394244 -0.043781709 0.946946740 -261.440612793
0.934717059 -0.147986978 -0.323115736 -422.157989502 0.154345542 0.987998605 -0.006008705 -47.889804840 0.320127070 -0.044255029 0.946340382 -267.273986816
0.933230579 -0.152829632 -0.325152278 -420.497741699 0.158296779 0.987343431 -0.009743045 -48.275207520 0.322526038 -0.042378046 0.945611477 -272.369445801
0.931402206 -0.158019766 -0.327902019 -419.058410645 0.161960587 0.986676335 -0.015443451 -48.657920837 0.325973511 -0.038723130 0.944585502 -276.976806641
0.931755185 -0.158071339 -0.326872706 -417.728607178 0.162356094 0.986628234 -0.014322198 -49.211597443 0.324765712 -0.039724983 0.944959879 -281.680541992
0.933182478 -0.159084544 -0.322277158 -416.150634766 0.162386522 0.986584246 -0.016799340 -49.647052765 0.320626110 -0.036656611 0.946496308 -286.913574219
0.934634507 -0.157733217 -0.318713963 -414.540710449 0.159695670 0.986960769 -0.020141607 -50.191604614 0.317735225 -0.032072205 0.947636843 -292.342163086
0.930365860 -0.155883089 -0.331842989 -412.765228271 0.156364217 0.987371922 -0.025429659 -50.448135376 0.331616580 -0.028229496 0.942991793 -297.424011230
0.922517657 -0.160234481 -0.351121217 -410.575103760 0.161780894 0.986506402 -0.025138425 -50.720695496 0.350411326 -0.033614062 0.935992479 -302.975616455
0.917057037 -0.160798445 -0.364897579 -408.411346436 0.162784770 0.986331105 -0.025534794 -51.094882965 0.364015818 -0.035982903 0.930697441 -308.514770508
0.909625351 -0.163703904 -0.381815165 -406.053802490 0.164492488 0.985896587 -0.030822733 -51.315334320 0.381476074 -0.034768585 0.923724592 -313.828277588
0.905623615 -0.165412456 -0.390492558 -403.567443848 0.166100010 0.985580683 -0.032275118 -51.584526062 0.390200645 -0.035631698 0.920040131 -319.613555908
0.900850594 -0.166388959 -0.400977403 -401.099578857 0.165358201 0.985522270 -0.037450973 -51.731533051 0.401403606 -0.032567166 0.915322125 -325.206665039
0.896619022 -0.168667808 -0.409420878 -398.175720215 0.164375886 0.985327125 -0.045944020 -51.748542786 0.411162823 -0.026104629 0.911188066 -331.666687012
0.889084816 -0.171708241 -0.424316645 -395.191101074 0.164248481 0.984917164 -0.054411303 -51.696578979 0.427259594 -0.021317093 0.903877676 -337.745941162
0.882711172 -0.177589878 -0.435066521 -392.257965088 0.164460719 0.984037101 -0.067998089 -51.481349945 0.440197408 -0.011528676 0.897827029 -343.722808838
0.874366820 -0.184092999 -0.448990434 -388.445373535 0.167576879 0.982874572 -0.076653339 -51.197448730 0.455412567 -0.008217293 0.890242517 -350.738830566
0.868363380 -0.188739434 -0.458609402 -384.782714844 0.170342147 0.982000411 -0.081601664 -51.089385986 0.465756029 -0.007260638 0.884883404 -357.553588867
0.863314986 -0.190500811 -0.467329144 -380.890136719 0.171154752 0.981658459 -0.083979979 -50.988929749 0.474755913 -0.007484424 0.880085707 -364.749694824
0.860237658 -0.190536454 -0.472955614 -376.943542480 0.171477854 0.981636941 -0.083572134 -50.866081238 0.480194241 -0.009209519 0.877113819 -372.177185059
0.858491659 -0.188383818 -0.476973504 -373.209930420 0.169660196 0.982043564 -0.082497776 -50.760570526 0.483949989 -0.010099753 0.875037432 -379.229095459
0.856136620 -0.188075557 -0.481308281 -369.008331299 0.169493780 0.982091486 -0.082270697 -50.695991516 0.488161802 -0.011143795 0.872682035 -386.771667480
0.854613423 -0.189832941 -0.483321100 -365.291503906 0.170226887 0.981765807 -0.084608972 -50.530086517 0.490569741 -0.009966276 0.871344924 -393.789550781
0.851727724 -0.192350075 -0.487402618 -361.442077637 0.172721639 0.981259704 -0.085419312 -50.441291809 0.494699061 -0.011430994 0.868989110 -400.840026855
0.848633170 -0.191614851 -0.493057311 -357.430725098 0.172092542 0.981389999 -0.085193865 -50.444961548 0.500205934 -0.012553145 0.865815520 -407.998840332
0.845665693 -0.193652257 -0.497341305 -353.252014160 0.172705844 0.981006205 -0.088314876 -50.184059143 0.504997313 -0.011208911 0.863048136 -415.453369141
0.841880143 -0.195961758 -0.502828777 -349.537933350 0.172757506 0.980573356 -0.092901938 -50.040431976 0.511265814 -0.008655154 0.859379113 -422.016021729
0.838288367 -0.198299125 -0.507887840 -345.707214355 0.174271569 0.980101645 -0.095027789 -49.809295654 0.516625524 -0.008849693 0.856165707 -428.717285156
0.833593011 -0.200355574 -0.514762402 -341.975555420 0.173560396 0.979706287 -0.100261562 -49.524978638 0.524403870 -0.005765032 0.851450145 -435.182495117
0.826077998 -0.203491166 -0.525534451 -338.409515381 0.171797663 0.979076743 -0.109060735 -49.156608582 0.536731422 -0.000192903 0.843753099 -441.082763672
0.818112433 -0.204125077 -0.537610412 -334.498138428 0.170613065 0.978944838 -0.112063497 -48.844722748 0.549165905 -0.000042815 0.835713327 -447.442199707
0.807848155 -0.209328413 -0.550965548 -330.174041748 0.170783624 0.977838278 -0.121100351 -48.282955170 0.564104915 0.003734798 0.825694621 -454.083801270
0.796434283 -0.216361523 -0.564694643 -325.090026855 0.171051607 0.976270139 -0.132807910 -47.308162689 0.580029130 0.009180848 0.814543962 -461.134643555
0.787556767 -0.223735988 -0.574191988 -320.675903320 0.172876477 0.974562228 -0.142625824 -46.511817932 0.591496408 0.013061666 0.806201875 -467.503051758
0.778602779 -0.225684613 -0.585528910 -316.057250977 0.173281759 0.974132836 -0.145046875 -45.932586670 0.603117824 0.011472446 0.797569633 -474.000793457
0.770852208 -0.224755213 -0.596047044 -311.181182861 0.170744464 0.974350631 -0.146585166 -45.158676147 0.613704562 0.011223753 0.789455950 -480.450805664
0.761155248 -0.226301745 -0.607807696 -306.257202148 0.169722036 0.973994076 -0.150099680 -44.378067017 0.625968933 0.011090799 0.779769123 -486.955810547
0.753507495 -0.225411192 -0.617589056 -301.535308838 0.164762467 0.974152982 -0.154528692 -43.708095551 0.636458874 0.014683007 0.771170974 -493.115966797
0.744507968 -0.233015448 -0.625629008 -297.093688965 0.161121264 0.972125113 -0.170331150 -42.942584991 0.647879481 0.026010765 0.761298656 -498.788085938
0.736767292 -0.236101180 -0.633585155 -291.225494385 0.163288921 0.971447766 -0.172122076 -41.943180084 0.656133115 0.023356507 0.754283667 -506.010131836
0.727437854 -0.240717500 -0.642564654 -285.945373535 0.162587091 0.970245898 -0.179411009 -40.954284668 0.666633010 0.026037619 0.744931102 -512.307128906
0.716401339 -0.243225709 -0.653919280 -280.436645508 0.161278531 0.969612420 -0.183959261 -39.812732697 0.678791702 0.026325539 0.733858645 -518.619873047
0.703276634 -0.248915285 -0.665915251 -274.843444824 0.160655856 0.968114913 -0.192206293 -38.473217010 0.692525566 0.028191036 0.720842302 -524.743774414
0.691518784 -0.253930092 -0.676255226 -269.626129150 0.160017639 0.966767490 -0.199386537 -37.421653748 0.704411745 0.029666793 0.709171236 -530.492431641
0.678498685 -0.256976426 -0.688187897 -264.210235596 0.161726013 0.966086924 -0.201297745 -36.382644653 0.716578126 0.025282405 0.697048485 -536.319702148
0.668054998 -0.260233343 -0.697123528 -258.694458008 0.162547931 0.965263486 -0.204558894 -35.283935547 0.726141036 0.023340587 0.687149405 -542.226257324
0.657906890 -0.257766366 -0.707612216 -253.038253784 0.160316452 0.966000140 -0.202835739 -34.264568329 0.735837758 0.020005148 0.676862299 -547.937561035
0.650726974 -0.257958770 -0.714151084 -247.645126343 0.158376977 0.965948284 -0.204599068 -33.207942963 0.742610991 0.020033086 0.669423401 -553.464904785
0.640962243 -0.261098653 -0.721799731 -241.483428955 0.158293411 0.965116858 -0.208548978 -32.074886322 0.751072943 0.019415889 0.659933686 -559.405700684
0.634563625 -0.257795274 -0.728608668 -235.258621216 0.153928414 0.965999484 -0.207728416 -30.927410126 0.757386982 0.019663315 0.652670145 -565.307312012
0.628198087 -0.251006603 -0.736452878 -229.304489136 0.147108212 0.967777848 -0.204365447 -29.740207672 0.764019847 0.020043714 0.644881308 -570.929016113
0.619168043 -0.251202166 -0.743994892 -223.384521484 0.144496351 0.967720807 -0.206488043 -28.650333405 0.771849513 0.020346262 0.635479629 -576.425170898
0.604936063 -0.249810010 -0.756073594 -217.553680420 0.136986837 0.968007147 -0.210230336 -27.699878693 0.784402251 0.023603795 0.619803131 -581.585998535
0.586823404 -0.250084460 -0.770127237 -211.605697632 0.130567938 0.967888117 -0.214813098 -26.606231689 0.799118340 0.025503416 0.600632370 -586.601501465
0.565509796 -0.256055623 -0.783986092 -205.105484009 0.130734086 0.966396153 -0.221330166 -25.357822418 0.814314008 0.022670681 0.579981685 -591.507629395
0.526638627 -0.263160050 -0.808330774 -197.956542969 0.129500538 0.964614987 -0.229668513 -23.632331848 0.840167522 0.016273012 0.542082906 -595.471374512
0.512490988 -0.268625081 -0.815593958 -190.884094238 0.127817526 0.963091910 -0.236889109 -22.268852234 0.849126399 0.017156357 0.527910948 -600.174316406
0.501276493 -0.268380612 -0.822614014 -184.382507324 0.128842548 0.963235855 -0.235746205 -21.030151367 0.855641067 0.012186339 0.517426312 -604.417968750
0.488844007 -0.269161552 -0.829809427 -177.657318115 0.132760569 0.963085473 -0.234181926 -19.737258911 0.862210035 0.004312442 0.506532609 -608.661376953
0.480288029 -0.271177948 -0.834137797 -171.043487549 0.135647789 0.962529182 -0.234813303 -18.507320404 0.866558135 -0.000370928 0.499075949 -612.808715820
0.469032854 -0.272794038 -0.839995027 -164.485244751 0.136582494 0.962064266 -0.236172557 -17.217674255 0.872555673 -0.003955929 0.488498598 -616.838134766
0.454087406 -0.273454994 -0.847954631 -158.092849731 0.135152102 0.961862028 -0.237813562 -16.045036316 0.880646527 -0.006614699 0.473727524 -620.582763672
0.436927706 -0.270228773 -0.857945502 -151.469955444 0.134135827 0.962715805 -0.234916806 -14.716892242 0.889439046 -0.012439560 0.456884593 -624.307739258
0.421877891 -0.267312169 -0.866350532 -144.053024292 0.132305726 0.963470519 -0.232850999 -13.299224854 0.896947265 -0.016388444 0.441833854 -628.375915527
0.412214041 -0.264243454 -0.871926010 -137.181304932 0.128700063 0.964309037 -0.231396273 -12.082359314 0.901951194 -0.016832141 0.431509852 -632.064514160
0.398107916 -0.262063175 -0.879109263 -130.705764771 0.126700386 0.964849234 -0.230245635 -10.917728424 0.908546746 -0.019720856 0.417317539 -635.298095703
0.385492146 -0.258885026 -0.885649085 -123.929931641 0.123568781 0.965672016 -0.228491440 -9.631851196 0.914399564 -0.021356925 0.404249072 -638.566040039
0.374212742 -0.254809529 -0.891648412 -117.668365479 0.124548838 0.966607451 -0.223959357 -8.617656708 0.918940902 -0.027245332 0.393453062 -641.635070801
0.360400856 -0.249358594 -0.898850024 -110.758972168 0.125417516 0.967810988 -0.218202502 -7.408332825 0.924327672 -0.034091152 0.380073786 -644.853698730
0.341627240 -0.250695914 -0.905782640 -104.059478760 0.121174477 0.967472374 -0.222067490 -6.319877625 0.931991160 -0.033893481 0.360892892 -647.916137695
0.321904242 -0.250923663 -0.912915707 -96.563217163 0.115140632 0.967458367 -0.225315362 -5.099624634 0.939744771 -0.032583732 0.340320408 -650.973388672
0.308496445 -0.250970304 -0.917520523 -88.918655396 0.111815788 0.967447340 -0.227031127 -3.830953598 0.944630861 -0.032554973 0.326516449 -653.968933105
0.301222414 -0.247977585 -0.920745432 -82.440246582 0.109568410 0.968198955 -0.224912509 -2.737075806 0.947237968 -0.033135928 0.318813711 -656.433288574
0.297093242 -0.245182872 -0.922833085 -75.528846741 0.109133258 0.968856633 -0.222276658 -1.611442566 0.948591292 -0.034674868 0.314598352 -659.056884766
0.288201004 -0.246183127 -0.925383210 -69.072738647 0.108424038 0.968561828 -0.223902524 -0.584693909 0.951411843 -0.035804834 0.305832654 -661.351806641
0.278947860 -0.245875105 -0.928296089 -63.105743408 0.111117847 0.968437731 -0.223117039 0.426370621 0.953855813 -0.040912226 0.297464728 -663.456604004
0.273396403 -0.242966235 -0.930710316 -57.718399048 0.113000609 0.968986332 -0.219764411 1.349925995 0.955240965 -0.045088045 0.292372614 -665.373352051
0.266657114 -0.247477219 -0.931476772 -53.546417236 0.111640409 0.967896819 -0.225193709 1.931180954 0.957303822 -0.043940954 0.285724998 -666.788085938
0.259466112 -0.248559773 -0.933217704 -50.723373413 0.109826371 0.967637241 -0.227191895 2.276273727 0.959487021 -0.043543324 0.278367549 -667.729003906
0.250538796 -0.245007396 -0.936590433 -48.107841492 0.111185655 0.968326151 -0.223567039 2.601459503 0.961700559 -0.048123211 0.269844562 -668.470764160
0.242154479 -0.246256143 -0.938466430 -45.569282532 0.111134842 0.967927814 -0.225310549 3.062959671 0.963851690 -0.049736355 0.261755705 -669.196411133
0.231179565 -0.245423973 -0.941447318 -42.790832520 0.113036148 0.967882395 -0.224558398 3.481269836 0.966322303 -0.054504272 0.251496404 -669.915100098
0.216132477 -0.247020379 -0.944599152 -40.320190430 0.111102484 0.967404485 -0.227562904 3.880908966 0.970022142 -0.055763587 0.236532092 -670.519775391
0.200195238 -0.250503480 -0.947190404 -37.073921204 0.113910519 0.966156423 -0.231443673 4.454912186 0.973111629 -0.061561044 0.221954867 -671.273620605
0.182377771 -0.248335004 -0.951350749 -32.664733887 0.116386883 0.966228247 -0.229906753 5.109233856 0.976315677 -0.068794861 0.205121532 -672.106506348
0.165781707 -0.251224160 -0.953626215 -28.692573547 0.116530135 0.965222716 -0.234021172 5.801624298 0.979253292 -0.072329760 0.189291477 -672.934509277
0.153410167 -0.248283565 -0.956462562 -24.496002197 0.118800059 0.965533793 -0.231583625 6.426527023 0.980995357 -0.078100532 0.177618846 -673.807739258
0.144184977 -0.252516747 -0.956789374 -20.193229675 0.119322315 0.964274287 -0.236510664 7.215124130 0.982330322 -0.080065042 0.169164732 -674.588134766
0.138207793 -0.250534773 -0.958191514 -15.662658691 0.120139234 0.964572728 -0.234874532 7.983543396 0.983089626 -0.082654901 0.163410515 -675.466308594
0.131537080 -0.248066530 -0.959771276 -10.819976807 0.119454935 0.965094984 -0.233071148 8.833694458 0.984087586 -0.083991922 0.156578556 -676.396240234
0.125155985 -0.248838603 -0.960424542 -5.628219604 0.119625218 0.964758635 -0.234372750 9.727634430 0.984898806 -0.085557856 0.150512680 -677.413696289
0.121903226 -0.248976216 -0.960807204 -0.022682190 0.119828954 0.964637876 -0.234765470 10.706199646 0.985282123 -0.086513840 0.147427008 -678.510009766
0.119502790 -0.249163851 -0.961060047 5.867858887 0.117714234 0.964724779 -0.235476822 11.757055283 0.985830843 -0.084990315 0.144617409 -679.526062012
0.148376375 -0.254887551 -0.955519140 15.114830017 0.118378937 0.963844419 -0.238726094 13.744873047 0.981820166 -0.077692010 0.173185110 -683.112976074
0.196642756 -0.274107963 -0.941380024 25.104034424 0.120804183 0.959584236 -0.254174054 17.016723633 0.973004639 -0.063741155 0.221808657 -689.159606934
0.241518170 -0.289521307 -0.926199973 34.763107300 0.127177104 0.955666721 -0.265569329 20.096839905 0.962026477 -0.053651609 0.267631382 -696.056579590
0.273028940 -0.300810754 -0.913765907 44.118225098 0.133611500 0.952506304 -0.273641586 23.147861481 0.952682078 -0.047377557 0.300253570 -702.975585938
0.299623132 -0.310854107 -0.901995420 53.452789307 0.134147212 0.949764967 -0.282756150 26.393917084 0.944579542 -0.036279853 0.326271772 -709.989929199
0.318362057 -0.306487888 -0.897056699 63.610351562 0.134372398 0.951328218 -0.277342051 28.927314758 0.938397408 -0.032244466 0.344050318 -716.581176758
0.320778847 -0.302714497 -0.897476912 74.563781738 0.130881563 0.952627778 -0.274536490 31.441158295 0.938067675 -0.029397674 0.345202655 -722.147888184
0.319694161 -0.302619398 -0.897895932 84.734939575 0.127263799 0.952754080 -0.275796354 33.719009399 0.938935339 -0.026099188 0.343102366 -727.188598633
0.346406996 -0.303391010 -0.887668908 92.203826904 0.126237065 0.952726364 -0.276363343 35.306068420 0.929551721 -0.016322479 0.368330330 -731.620666504
0.369563282 -0.301443160 -0.878951013 97.361282349 0.130372316 0.953381240 -0.272153258 36.473190308 0.920014203 -0.014013042 0.391634554 -734.555236816
0.390731364 -0.297552705 -0.871086299 102.227935791 0.136009485 0.954589009 -0.265068352 37.436141968 0.910401165 -0.014905506 0.413457841 -737.224548340
0.405036151 -0.296942979 -0.864737272 107.302841187 0.139212027 0.954792678 -0.262661338 38.512809753 0.903640330 -0.013994471 0.428063571 -739.986572266
0.405720592 -0.301191419 -0.862945259 113.026321411 0.139960498 0.953482330 -0.266987860 39.759727478 0.903217494 -0.012455793 0.429002315 -742.822875977
0.395117521 -0.305806279 -0.866235852 119.097503662 0.142075315 0.951961219 -0.271264732 41.159118652 0.907577395 -0.015889261 0.419584095 -745.742370605
0.376447111 -0.311155111 -0.872622490 125.516784668 0.138809353 0.950222433 -0.278943270 42.889968872 0.915980041 -0.016120791 0.400899768 -748.292541504
0.361251682 -0.313972533 -0.878019631 132.155517578 0.137260363 0.949255824 -0.282971710 44.561584473 0.922310591 -0.018293276 0.386016220 -750.990905762
0.344754040 -0.313943058 -0.884637952 138.755340576 0.135966986 0.949177206 -0.283858925 46.154792786 0.928793669 -0.022420064 0.369918495 -753.654052734
0.334353715 -0.313650310 -0.888724446 145.374969482 0.133266941 0.949255228 -0.284875631 47.703002930 0.932977736 -0.023188349 0.359186292 -756.424194336
0.320785940 -0.319279790 -0.891715705 153.017379761 0.128452629 0.947437763 -0.293021560 49.869491577 0.938400924 -0.020546025 0.344937086 -759.416076660
0.311039120 -0.320609599 -0.894686639 159.677963257 0.128196329 0.946931839 -0.294763923 51.542953491 0.941711426 -0.023012443 0.335633785 -761.992919922
0.303099990 -0.318070412 -0.898310423 166.212081909 0.122842945 0.947830260 -0.294155598 53.159370422 0.945007920 -0.021192556 0.326360017 -764.449340820
0.293882757 -0.321967721 -0.899983227 172.675003052 0.118863598 0.946562707 -0.299817502 54.764129639 0.948422015 -0.018864047 0.316448748 -766.863403320
0.289727569 -0.322400510 -0.901174784 178.663085938 0.118492201 0.946397781 -0.300484061 56.311958313 0.949746013 -0.019723650 0.312399477 -769.128784180
0.286777884 -0.319587439 -0.903118074 184.771835327 0.120496109 0.947261214 -0.296945930 57.851081848 0.950388968 -0.023664713 0.310162574 -771.426757812
0.272966236 -0.319543689 -0.907403588 191.297180176 0.120202862 0.947160840 -0.297384739 59.479713440 0.954484522 -0.027896525 0.296952993 -773.866027832
0.251390517 -0.320722461 -0.913203061 197.376708984 0.117552862 0.946635664 -0.300103694 60.972488403 0.960720599 -0.031906422 0.275677085 -775.990600586
0.228612304 -0.326672941 -0.917072177 204.210083008 0.114801317 0.944492459 -0.307822287 62.777812958 0.966724932 -0.034909125 0.253425121 -778.216308594
0.208531290 -0.329348385 -0.920893252 211.049758911 0.104684956 0.943700552 -0.313799858 64.532669067 0.972396910 -0.030966582 0.231268913 -780.382019043
0.196745455 -0.325298458 -0.924917400 218.005142212 0.099680863 0.945104122 -0.311194420 66.349708557 0.975374341 -0.030970478 0.218370974 -782.462707520
0.182540953 -0.321510047 -0.929144740 225.458282471 0.099148072 0.946224868 -0.307941526 68.244895935 0.978186309 -0.035910968 0.204601899 -784.374511719
0.172395930 -0.323305994 -0.930458367 232.702529907 0.096357778 0.945605993 -0.310716063 70.116226196 0.980303407 -0.036090724 0.194171652 -786.278686523
0.156091928 -0.323930144 -0.933115482 239.906570435 0.093422495 0.945301771 -0.312532842 71.960327148 0.983314574 -0.038390115 0.177816376 -788.071411133
0.139917433 -0.326703131 -0.934712887 247.069000244 0.089975789 0.944288492 -0.316581458 73.772178650 0.986066639 -0.039806269 0.161517769 -789.756408691
0.123666264 -0.325586736 -0.937389851 254.721130371 0.082121842 0.944758654 -0.317312151 75.808235168 0.988919914 -0.037739377 0.143572554 -791.361206055
0.106727175 -0.323143661 -0.940312445 262.366943359 0.075703636 0.945609868 -0.316371620 77.716796875 0.991402149 -0.037419636 0.125385389 -792.784545898
0.089533076 -0.326725632 -0.940868855 269.866760254 0.068065561 0.944461405 -0.321496010 79.644927979 0.993655324 -0.035256252 0.106799304 -794.038269043
0.070171162 -0.328584135 -0.941864371 276.762329102 0.061438244 0.943822920 -0.324690104 81.460670471 0.995641172 -0.035082605 0.086416781 -795.152404785
0.047802489 -0.329715312 -0.942869425 283.998840332 0.056544647 0.943328083 -0.327008933 83.449386597 0.997255027 -0.037682373 0.063737050 -796.068725586
0.023500588 -0.326456219 -0.944920182 290.586334229 0.051637948 0.944315851 -0.324963212 85.079574585 0.998389304 -0.041156914 0.039049506 -796.687011719
0.000097341 -0.328829467 -0.944389284 296.947235107 0.048369594 0.943285465 -0.328440189 86.871772766 0.998829424 -0.045647755 0.015997171 -797.214294434
-0.017085891 -0.329879701 -0.943868399 303.085571289 0.043482482 0.942867935 -0.330317140 88.514160156 0.998908103 -0.046685509 -0.001765753 -797.492309570
-0.031179179 -0.332833946 -0.942469835 308.955169678 0.038297277 0.941838086 -0.333877802 90.079368591 0.998779893 -0.046504069 -0.016619099 -797.670471191
-0.041099548 -0.331052482 -0.942716837 315.017791748 0.036160305 0.942403138 -0.332518786 91.808502197 0.998500526 -0.047755301 -0.026761388 -797.653076172
-0.027088871 -0.338688910 -0.940508366 321.177886963 0.037218459 0.939859629 -0.339527249 93.743324280 0.998939872 -0.044201680 -0.012854256 -798.123413086
-0.011548080 -0.343844533 -0.938955665 327.271942139 0.035965897 0.938267708 -0.344035000 95.609588623 0.999286234 -0.037743315 0.001531485 -798.957031250
-0.012360631 -0.341318309 -0.939866483 332.579803467 0.038861543 0.939064205 -0.341537982 97.124237061 0.999168098 -0.040746290 0.001656728 -799.555725098
-0.021503560 -0.341851890 -0.939507723 338.198333740 0.033241656 0.938961029 -0.342413753 98.729614258 0.999215961 -0.038593903 -0.008827281 -799.932556152
-0.031905301 -0.342282623 -0.939055204 343.692321777 0.030309878 0.938770056 -0.343208551 100.289352417 0.999031186 -0.039412819 -0.019577196 -800.241027832
-0.042115912 -0.343527198 -0.938197970 349.754455566 0.024167070 0.938406110 -0.344688207 102.023048401 0.998820424 -0.037190359 -0.031219782 -800.293579102
-0.051929183 -0.344336748 -0.937408924 356.016326904 0.021674423 0.938065648 -0.345778704 103.835243225 0.998415470 -0.038273804 -0.041249681 -800.408081055
-0.059426084 -0.345417976 -0.936565518 362.468994141 0.017263098 0.937727690 -0.346941978 105.678512573 0.998083413 -0.036785431 -0.049762506 -800.429931641
-0.067901112 -0.343759567 -0.936599612 368.631713867 0.012187260 0.938410401 -0.345307767 107.447967529 0.997617722 -0.034861367 -0.059529632 -800.383789062
-0.080401063 -0.342858970 -0.935939848 373.902435303 0.006769352 0.938770175 -0.344477296 108.953590393 0.996739566 -0.034032047 -0.073157199 -800.302856445
-0.091629095 -0.342536986 -0.935025513 378.956848145 0.003561974 0.938856900 -0.344289571 110.435943604 0.995786846 -0.034877479 -0.084806487 -800.184448242
-0.106429651 -0.343835771 -0.932979047 383.899475098 -0.000224478 0.938316584 -0.345777303 111.860229492 0.994320214 -0.036591530 -0.099941924 -799.893859863
-0.115348652 -0.343472570 -0.932052195 388.651794434 -0.002323945 0.938406110 -0.345526546 113.277862549 0.993322372 -0.037689976 -0.109042093 -799.587524414
-0.128561050 -0.343105555 -0.930457175 393.150390625 -0.004059869 0.938417315 -0.345479935 114.607231140 0.991693318 -0.040637720 -0.122036882 -799.158325195
-0.153450280 -0.347817719 -0.924919367 397.263122559 -0.011007983 0.936548710 -0.350364596 115.899337769 0.988095105 -0.043582052 -0.147542417 -798.369201660
-0.168967828 -0.352254868 -0.920524955 401.937255859 -0.014216388 0.934727728 -0.355080307 117.417953491 0.985519052 -0.046910610 -0.162946656 -797.553039551
-0.180710852 -0.354822606 -0.917302847 406.846862793 -0.016675977 0.933629155 -0.357852578 118.961898804 0.983394861 -0.049370926 -0.174633935 -796.711975098
-0.195457697 -0.358337015 -0.912902415 412.148590088 -0.017715208 0.931994855 -0.362038344 120.617881775 0.980552197 -0.054590914 -0.188513607 -795.800476074
-0.219555900 -0.366312236 -0.904218197 417.529602051 -0.023960788 0.928578138 -0.370362788 122.427665710 0.975305676 -0.059649549 -0.212651938 -794.520263672
-0.245471060 -0.376814842 -0.893171072 422.349548340 -0.038382798 0.924416542 -0.379448056 124.338577271 0.968643785 -0.058861110 -0.241380751 -793.324523926
-0.269204319 -0.373184383 -0.887841403 427.400817871 -0.044760425 0.925726056 -0.375536501 126.124565125 0.962042272 -0.061355900 -0.265913457 -792.084350586
